9 9 3 1
5 5 9 7
9 9 4 7
5 5 9 6
9 9 1 8
5 5 7 5
9 9 8 9
5 5 6 1
9 9 9 7
5 5 3 7
9 9 9 7
5 5 3 7
9 9 9 7
5 5 2 8
9 9 8 6
5 5 5 9
9 9 9 3
5 5 2 9
9 9 7 3
5 5 7 9
9 9 8 4
5 5 5 9
9 9 9 1
5 5 2 7
9 9 8 8
5 5 5 6
9 9 9 9
5 5 1 3
9 9 6 9
5 5 8 2
9 9 5 7
5 5 9 7
9 9 2 8
5 5 8 5
9 9 6 9
5 5 9 2
9 9 3 8
5 5 9 5
9 9 2 9
5 5 8 1
9 9 5 7
5 5 9 8
9 9 1 5
5 5 7 9
9 9 7 2
5 5 7 8
9 9 7 5
5 5 7 9
9 9 8 2
5 5 6 8
9 9 9 6
5 5 4 9
9 9 9 3
5 5 1 9
9 9 7 3
5 5 8 9
9 9 5 2
5 5 9 8
9 9 2 4
5 5 8 9
9 9 5 1
5 5 9 6
9 9 1 9
