0.1 0.100001 0.1 0.100001
0.2880000000000001 0.2880025599968 0.3375 0.33750299999625
0.6561792000000002 0.6561826733826868 0.8384765625 0.8384802187116798
0.7219457839595519 0.7219423121121185 0.5078760623931884 0.5078667807783503
0.6423682207442558 0.6423731523018464 0.9372673786544197 0.9372679266006951
0.7351401271107676 0.7351356336116328 0.22048964836759638 0.2204878513737341
0.6230691859914625 0.6230759481793792 0.6445273624887378 0.6445235953887309
0.7515327214700762 0.7515273951351897 0.8591694055951837 0.8591734889096789
0.5975401280955426 0.5975487023888196 0.453740017816509 0.45372901824168277
0.7695549549155365 0.769549602119224 0.9294750526814367 0.9294712359267056
0.567488404097546 0.5674976383915777 0.24581692171603936 0.2458292156684551
0.7854250089995723 0.7854210201969914 0.6952161101778372 0.6952395464710773
0.5393042055603009 0.5393114919350676 0.7945900137263794 0.7945556981016302
0.7950565741608756 0.7950547411258851 0.6120627142975935 0.6121385276844798
0.5214131777422327 0.5214166391652381 0.8904073052409598 0.8903435647828394
0.7985327226207346 0.7985322482139712 0.3659330100543452 0.3661196303723448
0.5148102832788849 0.5148111896841981 0.8700976582759189 0.870285174856359
0.7992980976294374 0.7992980117124439 0.42385396252005436 0.42333333480598356
0.5133460760172793 0.513346240591929 0.9157566786603852 0.9154583341801072
0.7994300232158112 0.7994300091585995 0.2892989405598194 0.29022889710108873
0.513093315830332 0.5130933427688993 0.7710189883154457 0.772485316457154
0.799451408257815 0.7994514060004356 0.6620576548967712 0.6590690711821674
0.5130523330957165 0.5130523374219593 0.8390149368350964 0.8426138647246597
0.799454837122427 0.7994548367610347 0.5065082722601084 0.4973090238691221
0.5130457616767382 0.5130457623693507 0.9373411589707062 0.9374728449279864
0.799455385927276 0.7994553858694478 0.22024766501309792 0.21981566231480223
0.5130447098852677 0.5130447099960965 0.6440198665101605 0.6431127634346515
0.7994554737408295 0.7994554737315769 0.8597185426889834 0.8606952635328655
0.5130445415892972 0.51304454160703 0.45225963767142763 0.4496209757435876
0.7994554877911204 0.7994554877896399 0.9289532167677624 0.9279823271811443
0.5130445146617029 0.5130445146645403 0.24749676684220878 0.25061672857729494
0.79945549003917 0.7994554900389331 0.698407939668233 0.7042799397544104
0.5130445103532817 0.5130445103537358 0.7898785855372756 0.7810113983022542
0.7994554903988581 0.7994554903988201 0.6223890211759064 0.6413722275907944
0.5130445096639341 0.5130445096640069 0.8813284781085133 0.8625520997475623
0.7994554904564081 0.7994554904564021 0.392207219187919 0.4445849061323761
0.5130445095536388 0.5130445095536502 0.8939276865179949 0.9259843776436592
