0.1 0.100001 0.1 0.100001
0.2880000000000001 0.2880025599968 0.3375 0.33750299999625
0.6561792000000002 0.6561826733826868 0.8384765625 0.8384802187116798
0.7219457839595519 0.7219423121121185 0.5078760623931884 0.5078667807783503
0.6423682207442558 0.6423731523018464 0.9372673786544197 0.9372679266006951
0.7351401271107676 0.7351356336116328 0.22048964836759638 0.2204878513737341
0.6230691859914625 0.6230759481793792 0.6445273624887378 0.6445235953887309
0.7515327214700762 0.7515273951351897 0.8591694055951837 0.8591734889096789
0.5975401280955426 0.5975487023888196 0.453740017816509 0.45372901824168277
0.7695549549155365 0.769549602119224 0.9294750526814367 0.9294712359267056
0.567488404097546 0.5674976383915777 0.24581692171603936 0.2458292156684551
0.7854250089995723 0.7854210201969914 0.6952161101778372 0.6952395464710773
0.5393042055603009 0.5393114919350676 0.7945900137263794 0.7945556981016302
0.7950565741608756 0.7950547411258851 0.6120627142975935 0.6121385276844798
0.5214131777422327 0.5214166391652381 0.8904073052409598 0.8903435647828394
0.7985327226207346 0.7985322482139712 0.3659330100543452 0.3661196303723448
0.5148102832788849 0.5148111896841981 0.8700976582759189 0.870285174856359
0.7992980976294374 0.7992980117124439 0.42385396252005436 0.42333333480598356
0.5133460760172793 0.513346240591929 0.9157566786603852 0.9154583341801072
0.7994300232158112 0.7994300091585995 0.2892989405598194 0.29022889710108873
0.513093315830332 0.5130933427688993 0.7710189883154457 0.772485316457154
0.799451408257815 0.7994514060004356 0.6620576548967712 0.6590690711821674
0.5130523330957165 0.5130523374219593 0.8390149368350964 0.8426138647246597
0.799454837122427 0.7994548367610347 0.5065082722601084 0.4973090238691221
0.5130457616767382 0.5130457623693507 0.9373411589707062 0.9374728449279864
0.799455385927276 0.7994553858694478 0.22024766501309792 0.21981566231480223
0.5130447098852677 0.5130447099960965 0.6440198665101605 0.6431127634346515
0.7994554737408295 0.7994554737315769 0.8597185426889834 0.8606952635328655
0.5130445415892972 0.51304454160703 0.45225963767142763 0.4496209757435876
0.7994554877911204 0.7994554877896399 0.9289532167677624 0.9279823271811443
0.5130445146617029 0.5130445146645403 0.24749676684220878 0.25061672857729494
0.79945549003917 0.7994554900389331 0.698407939668233 0.7042799397544104
0.5130445103532817 0.5130445103537358 0.7898785855372756 0.7810113983022542
0.7994554903988581 0.7994554903988201 0.6223890211759064 0.6413722275907944
0.5130445096639341 0.5130445096640069 0.8813284781085133 0.8625520997475623
0.7994554904564081 0.7994554904564021 0.392207219187919 0.4445849061323761
0.5130445095536388 0.5130445095536502 0.8939276865179949 0.9259843776436592
0.7994554904656161 0.7994554904656151 0.3555786667296762 0.25701491251329145
0.5130445095359913 0.5130445095359932 0.8592842943615827 0.7160934272215372
0.7994554904670894 0.7994554904670893 0.4534304843441234 0.7623886151686882
0.5130445095331678 0.5130445095331679 0.929367300793414 0.6793208048619677
0.7994554904673252 0.7994554904673251 0.24616395378516726 0.8169151835387104
0.5130445095327159 0.5130445095327161 0.6958772311575798 0.5608678741598456
0.7994554904673629 0.7994554904673629 0.7936204136776501 0.9236066321072296
0.5130445095326437 0.5130445095326437 0.614201447519121 0.26459032963038837
0.7994554904673689 0.7994554904673689 0.8885926101920154 0.7296835766117654
0.5130445095326323 0.5130445095326323 0.3712341873905864 0.7396704548806022
0.7994554904673699 0.7994554904673699 0.8753226206363901 0.7220927739649695
0.5130445095326304 0.5130445095326304 0.40924848914487144 0.7525304990720435
0.79945549046737 0.79945549046737 0.9066156122906681 0.6983563013940923
0.5130445095326301 0.5130445095326301 0.317489039405569 0.78995541636471
0.7994554904673701 0.7994554904673701 0.8125865597358678 0.6222219619528787
0.5130445095326298 0.5130445095326298 0.5710861600218553 0.8814817200614591
0.7994554904673701 0.7994554904673701 0.918550341950052 0.39176886472106465
0.5130445095326298 0.5130445095326298 0.28055854220060444 0.893572580085873
0.7994554904673701 0.7994554904673701 0.7569204247457854 0.35662734076705893
0.5130445095326298 0.5130445095326298 0.6899696075566696 0.8604160521917812
0.7994554904673701 0.7994554904673701 0.8021683057678686 0.45037600995934224
0.5130445095326298 0.5130445095326298 0.5951036812101596 0.9282654735466677
0.7994554904673701 0.7994554904673701 0.9035823368260363 0.24970756562943186
0.5130445095326298 0.5130445095326298 0.32670486525763426 0.7025763648632056
0.7994554904673701 0.7994554904673701 0.8248829860298449 0.7836105614955352
0.5130445095326298 0.5130445095326298 0.5416914202062435 0.6358689352807021
0.7994554904673701 0.7994554904673701 0.9309818455544492 0.8682736215963315
0.5130445095326298 0.5130445095326298 0.24095493300930343 0.4289045236362077
0.7994554904673701 0.7994554904673701 0.6858586997541957 0.9185453746522705
0.5130445095326298 0.5130445095326298 0.807962038971299 0.2805741350894645
0.7994554904673701 0.7994554904673701 0.5818476845724003 0.7569460867809878
0.5130445095326298 0.5130445095326298 0.9123785869880132 0.6899201568297639
0.7994554904673701 0.7994554904673701 0.29978962872663606 0.802238752611592
0.5130445095326298 0.5130445095326298 0.7871842771296816 0.5949440115742082
0.7994554904673701 0.7994554904673701 0.6282194661356334 0.9036961299982373
0.5130445095326298 0.5130445095326298 0.8758491318895995 0.32636037984167343
0.7994554904673701 0.7994554904673701 0.40776536271687924 0.8244348086672701
0.5130445095326298 0.5130445095326298 0.9055978938196918 0.5427827059688692
0.7994554904673701 0.7994554904673701 0.32058880698386255 0.9306361502624297
0.5130445095326298 0.5130445095326298 0.8167935893269735 0.24207189782682761
0.7994554904673701 0.7994554904673701 0.5611568316049981 0.6880241029100458
0.5130445095326298 0.5130445095326298 0.9234744073051421 0.8049260127182719
0.7994554904673701 0.7994554904673701 0.2650103488408449 0.588825475379011
0.5130445095326298 0.5130445095326298 0.7304244894303697 0.9079126309638477
0.7994554904673701 0.7994554904673701 0.7383920800153253 0.3135273206255693
0.5130445095326298 0.5130445095326298 0.7243845606973752 0.8071047744259529
0.7994554904673701 0.7994554904673701 0.7486933834524222 0.5838249657179423
0.5130445095326298 0.5130445095326298 0.7055685038511993 0.9111501567089467
0.7994554904673701 0.7994554904673701 0.7790309633414231 0.30358330739328204
0.5130445095326298 0.5130445095326298 0.6455314556128403 0.7928268107453926
0.7994554904673701 0.7994554904673701 0.8580772328520296 0.6159467209075575
0.5130445095326298 0.5130445095326298 0.4566776074238751 0.8870863421654437
0.7994554904673701 0.7994554904673701 0.9304618886305505 0.37561561390866394
0.5130445095326298 0.5130445095326298 0.2426346091373234 0.8794819668625554
0.7994554904673701 0.7994554904673701 0.6891114584478814 0.397475388097974
0.5130445095326298 0.5130445095326298 0.8033882110639322 0.898082639828771
0.7994554904673701 0.7994554904673701 0.592333475202851 0.3432382945010886
0.5130445095326298 0.5130445095326298 0.9055294850886169 0.8453466288340222
0.7994554904673701 0.7994554904673701 0.32079688771410475 0.4902588973236603
0.5130445095326298 0.5130445095326298 0.8170734170514331 0.9371441659449337
0.7994554904673701 0.7994554904673701 0.5604916807474799 0.22089366817615613
0.5130445095326298 0.5130445095326298 0.9237778371012936 0.6453737082593939
0.7994554904673701 0.7994554904673701 0.26404629293156057 0.8582493185509225
