0.7994554904656161 0.7994554904656151 0.3555786667296762 0.25701491251329145
0.5130445095359913 0.5130445095359932 0.8592842943615827 0.7160934272215372
0.7994554904670894 0.7994554904670893 0.4534304843441234 0.7623886151686882
0.5130445095331678 0.5130445095331679 0.929367300793414 0.6793208048619677
0.7994554904673252 0.7994554904673251 0.24616395378516726 0.8169151835387104
0.5130445095327159 0.5130445095327161 0.6958772311575798 0.5608678741598456
0.7994554904673629 0.7994554904673629 0.7936204136776501 0.9236066321072296
0.5130445095326437 0.5130445095326437 0.614201447519121 0.26459032963038837
0.7994554904673689 0.7994554904673689 0.8885926101920154 0.7296835766117654
0.5130445095326323 0.5130445095326323 0.3712341873905864 0.7396704548806022
0.7994554904673699 0.7994554904673699 0.8753226206363901 0.7220927739649695
0.5130445095326304 0.5130445095326304 0.40924848914487144 0.7525304990720435
0.79945549046737 0.79945549046737 0.9066156122906681 0.6983563013940923
0.5130445095326301 0.5130445095326301 0.317489039405569 0.78995541636471
0.7994554904673701 0.7994554904673701 0.8125865597358678 0.6222219619528787
0.5130445095326298 0.5130445095326298 0.5710861600218553 0.8814817200614591
0.7994554904673701 0.7994554904673701 0.918550341950052 0.39176886472106465
0.5130445095326298 0.5130445095326298 0.28055854220060444 0.893572580085873
0.7994554904673701 0.7994554904673701 0.7569204247457854 0.35662734076705893
0.5130445095326298 0.5130445095326298 0.6899696075566696 0.8604160521917812
0.7994554904673701 0.7994554904673701 0.8021683057678686 0.45037600995934224
0.5130445095326298 0.5130445095326298 0.5951036812101596 0.9282654735466677
0.7994554904673701 0.7994554904673701 0.9035823368260363 0.24970756562943186
0.5130445095326298 0.5130445095326298 0.32670486525763426 0.7025763648632056
0.7994554904673701 0.7994554904673701 0.8248829860298449 0.7836105614955352
0.5130445095326298 0.5130445095326298 0.5416914202062435 0.6358689352807021
0.7994554904673701 0.7994554904673701 0.9309818455544492 0.8682736215963315
0.5130445095326298 0.5130445095326298 0.24095493300930343 0.4289045236362077
0.7994554904673701 0.7994554904673701 0.6858586997541957 0.9185453746522705
0.5130445095326298 0.5130445095326298 0.807962038971299 0.2805741350894645
0.7994554904673701 0.7994554904673701 0.5818476845724003 0.7569460867809878
0.5130445095326298 0.5130445095326298 0.9123785869880132 0.6899201568297639
0.7994554904673701 0.7994554904673701 0.29978962872663606 0.802238752611592
0.5130445095326298 0.5130445095326298 0.7871842771296816 0.5949440115742082
0.7994554904673701 0.7994554904673701 0.6282194661356334 0.9036961299982373
0.5130445095326298 0.5130445095326298 0.8758491318895995 0.32636037984167343
0.7994554904673701 0.7994554904673701 0.40776536271687924 0.8244348086672701
0.5130445095326298 0.5130445095326298 0.9055978938196918 0.5427827059688692
0.7994554904673701 0.7994554904673701 0.32058880698386255 0.9306361502624297
0.5130445095326298 0.5130445095326298 0.8167935893269735 0.24207189782682761
0.7994554904673701 0.7994554904673701 0.5611568316049981 0.6880241029100458
0.5130445095326298 0.5130445095326298 0.9234744073051421 0.8049260127182719
0.7994554904673701 0.7994554904673701 0.2650103488408449 0.588825475379011
0.5130445095326298 0.5130445095326298 0.7304244894303697 0.9079126309638477
0.7994554904673701 0.7994554904673701 0.7383920800153253 0.3135273206255693
0.5130445095326298 0.5130445095326298 0.7243845606973752 0.8071047744259529
0.7994554904673701 0.7994554904673701 0.7486933834524222 0.5838249657179423
0.5130445095326298 0.5130445095326298 0.7055685038511993 0.9111501567089467
0.7994554904673701 0.7994554904673701 0.7790309633414231 0.30358330739328204
0.5130445095326298 0.5130445095326298 0.6455314556128403 0.7928268107453926
0.7994554904673701 0.7994554904673701 0.8580772328520296 0.6159467209075575
0.5130445095326298 0.5130445095326298 0.4566776074238751 0.8870863421654437
0.7994554904673701 0.7994554904673701 0.9304618886305505 0.37561561390866394
0.5130445095326298 0.5130445095326298 0.2426346091373234 0.8794819668625554
0.7994554904673701 0.7994554904673701 0.6891114584478814 0.397475388097974
0.5130445095326298 0.5130445095326298 0.8033882110639322 0.898082639828771
0.7994554904673701 0.7994554904673701 0.592333475202851 0.3432382945010886
0.5130445095326298 0.5130445095326298 0.9055294850886169 0.8453466288340222
0.7994554904673701 0.7994554904673701 0.32079688771410475 0.4902588973236603
0.5130445095326298 0.5130445095326298 0.8170734170514331 0.9371441659449337
0.7994554904673701 0.7994554904673701 0.5604916807474799 0.22089366817615613
0.5130445095326298 0.5130445095326298 0.9237778371012936 0.6453737082593939
0.7994554904673701 0.7994554904673701 0.26404629293156057 0.8582493185509225
0.7994554904656161 0.7994554904656151 0.3555786667296762 0.25701491251329145
0.5130445095359913 0.5130445095359932 0.8592842943615827 0.7160934272215372
0.7994554904670894 0.7994554904670893 0.4534304843441234 0.7623886151686882
0.5130445095331678 0.5130445095331679 0.929367300793414 0.6793208048619677
0.7994554904673252 0.7994554904673251 0.24616395378516726 0.8169151835387104
0.5130445095327159 0.5130445095327161 0.6958772311575798 0.5608678741598456
0.7994554904673629 0.7994554904673629 0.7936204136776501 0.9236066321072296
0.5130445095326437 0.5130445095326437 0.614201447519121 0.26459032963038837
0.7994554904673689 0.7994554904673689 0.8885926101920154 0.7296835766117654
0.5130445095326323 0.5130445095326323 0.3712341873905864 0.7396704548806022
0.7994554904673699 0.7994554904673699 0.8753226206363901 0.7220927739649695
0.5130445095326304 0.5130445095326304 0.40924848914487144 0.7525304990720435
0.79945549046737 0.79945549046737 0.9066156122906681 0.6983563013940923
0.5130445095326301 0.5130445095326301 0.317489039405569 0.78995541636471
0.7994554904673701 0.7994554904673701 0.8125865597358678 0.6222219619528787
0.5130445095326298 0.5130445095326298 0.5710861600218553 0.8814817200614591
0.7994554904673701 0.7994554904673701 0.918550341950052 0.39176886472106465
0.5130445095326298 0.5130445095326298 0.28055854220060444 0.893572580085873
0.7994554904673701 0.7994554904673701 0.7569204247457854 0.35662734076705893
0.5130445095326298 0.5130445095326298 0.6899696075566696 0.8604160521917812
0.7994554904673701 0.7994554904673701 0.8021683057678686 0.45037600995934224
0.5130445095326298 0.5130445095326298 0.5951036812101596 0.9282654735466677
0.7994554904673701 0.7994554904673701 0.9035823368260363 0.24970756562943186
0.5130445095326298 0.5130445095326298 0.32670486525763426 0.7025763648632056
0.7994554904673701 0.7994554904673701 0.8248829860298449 0.7836105614955352
0.5130445095326298 0.5130445095326298 0.5416914202062435 0.6358689352807021
0.7994554904673701 0.7994554904673701 0.9309818455544492 0.8682736215963315
0.5130445095326298 0.5130445095326298 0.24095493300930343 0.4289045236362077
0.7994554904673701 0.7994554904673701 0.6858586997541957 0.9185453746522705
0.5130445095326298 0.5130445095326298 0.807962038971299 0.2805741350894645
0.7994554904673701 0.7994554904673701 0.5818476845724003 0.7569460867809878
0.5130445095326298 0.5130445095326298 0.9123785869880132 0.6899201568297639
0.7994554904673701 0.7994554904673701 0.29978962872663606 0.802238752611592
0.5130445095326298 0.5130445095326298 0.7871842771296816 0.5949440115742082
0.7994554904673701 0.7994554904673701 0.6282194661356334 0.9036961299982373
0.5130445095326298 0.5130445095326298 0.8758491318895995 0.32636037984167343
0.7994554904673701 0.7994554904673701 0.40776536271687924 0.8244348086672701
0.5130445095326298 0.5130445095326298 0.9055978938196918 0.5427827059688692
0.7994554904673701 0.7994554904673701 0.32058880698386255 0.9306361502624297
0.5130445095326298 0.5130445095326298 0.8167935893269735 0.24207189782682761
0.7994554904673701 0.7994554904673701 0.5611568316049981 0.6880241029100458
0.5130445095326298 0.5130445095326298 0.9234744073051421 0.8049260127182719
0.7994554904673701 0.7994554904673701 0.2650103488408449 0.588825475379011
0.5130445095326298 0.5130445095326298 0.7304244894303697 0.9079126309638477
0.7994554904673701 0.7994554904673701 0.7383920800153253 0.3135273206255693
0.5130445095326298 0.5130445095326298 0.7243845606973752 0.8071047744259529
0.7994554904673701 0.7994554904673701 0.7486933834524222 0.5838249657179423
0.5130445095326298 0.5130445095326298 0.7055685038511993 0.9111501567089467
0.7994554904673701 0.7994554904673701 0.7790309633414231 0.30358330739328204
0.5130445095326298 0.5130445095326298 0.6455314556128403 0.7928268107453926
0.7994554904673701 0.7994554904673701 0.8580772328520296 0.6159467209075575
0.5130445095326298 0.5130445095326298 0.4566776074238751 0.8870863421654437
0.7994554904673701 0.7994554904673701 0.9304618886305505 0.37561561390866394
0.5130445095326298 0.5130445095326298 0.2426346091373234 0.8794819668625554
0.7994554904673701 0.7994554904673701 0.6891114584478814 0.397475388097974
0.5130445095326298 0.5130445095326298 0.8033882110639322 0.898082639828771
0.7994554904673701 0.7994554904673701 0.592333475202851 0.3432382945010886
0.5130445095326298 0.5130445095326298 0.9055294850886169 0.8453466288340222
0.7994554904673701 0.7994554904673701 0.32079688771410475 0.4902588973236603
0.5130445095326298 0.5130445095326298 0.8170734170514331 0.9371441659449337
0.7994554904673701 0.7994554904673701 0.5604916807474799 0.22089366817615613
0.5130445095326298 0.5130445095326298 0.9237778371012936 0.6453737082593939
0.7994554904673701 0.7994554904673701 0.26404629293156057 0.8582493185509225
