0 0.0
1 100.0
2 287.0
3 493.0
4 683.0
5 809.0
6 2651.0
7 589.0
8 2068.0
9 1690.0
10 2111.0
11 4749.0
12 3100.0
13 4012.0
14 3745.0
15 3162.0
16 3594.0
17 2731.0
18 3031.0
19 2609.0
20 2043.0
21 418.0
22 15152.0
23 6528.0
24 2143.0
25 2183.0
26 2035.0
27 1882.0
28 500.0
29 561.0
30 630.0
31 1762.0
32 382.0
33 568.0
34 854.0
35 973.0
36 1344.0
37 1424.0
38 1871.0
39 2379.0
40 1980.0
41 2612.0
42 2344.0
43 2740.0
44 3984.0
45 4137.0
46 3798.0
47 4295.0
48 4759.0
49 7504.0
50 6756.0
51 13194.0
52 10888.0
53 11233.0
54 14567.0
55 15174.0
56 17560.0
57 27087.0
58 29532.0
59 32433.0
60 34178.0
61 42551.0
62 41888.0
63 51480.0
64 60810.0
65 63913.0
66 69564.0
67 56503.0
68 65003.0
69 78439.0
70 86333.0
71 82418.0
72 84201.0
73 77147.0
74 71698.0
75 74672.0
76 72422.0
77 82153.0
78 87165.0
79 86413.0
80 75491.0
81 118581.0
82 71823.0
83 84618.0
84 78247.0
85 94463.0
86 87873.0
87 78244.0
88 76311.0
89 76471.0
90 76083.0
91 82035.0
92 84418.0
93 93596.0
94 83184.0
95 70794.0
96 70981.0
97 75830.0
98 78782.0
99 83647.0
100 88940.0
101 78428.0
102 74013.0
103 77642.0
104 79684.0
105 90421.0
106 90721.0
107 91963.0
108 84343.0
109 75223.0
110 76198.0
111 85297.0
112 84349.0
113 95642.0
114 95902.0
115 93890.0
116 78363.0
117 89132.0
118 96022.0
119 105422.0
120 106077.0
121 107339.0
122 104150.0
123 93655.0
124 88595.0
125 92362.0
126 102555.0
127 119993.0
128 121435.0
129 135043.0
130 102860.0
131 100264.0
132 123288.0
133 114442.0
134 138230.0
135 133405.0
136 129330.0
137 111012.0
138 103046.0
139 125982.0
140 137160.0
141 136186.0
142 127474.0
143 133908.0
144 131947.0
145 124912.0
146 143898.0
147 143199.0
148 143094.0
149 181142.0
150 185883.0
151 112858.0
152 142333.0
153 168126.0
154 171436.0
155 179515.0
156 192488.0
157 176412.0
158 168866.0
159 152682.0
160 183771.0
161 215128.0
162 204970.0
163 202639.0
164 189714.0
165 186220.0
166 168273.0
167 209569.0
168 215281.0
169 224596.0
170 232881.0
171 212820.0
172 192932.0
173 194478.0
174 221023.0
175 229786.0
176 244912.0
177 237420.0
178 235339.0
179 211891.0
180 208144.0
181 243131.0
182 275358.0
183 279632.0
184 283506.0
185 249557.0
186 211808.0
187 234390.0
188 263887.0
189 270231.0
190 281780.0
191 287462.0
192 246271.0
193 230611.0
194 206057.0
195 265304.0
196 275153.0
197 286702.0
198 282433.0
199 265226.0
200 232997.0
201 233210.0
202 265564.0
203 275069.0
204 290108.0
205 307071.0
206 249023.0
207 210081.0
208 212882.0
209 259402.0
210 277473.0
211 271478.0
212 261951.0
213 263529.0
214 202757.0
215 228200.0
216 245208.0
217 281688.0
218 287261.0
219 285285.0
220 260733.0
221 219736.0
222 264307.0
223 266884.0
224 281900.0
225 285429.0
226 301728.0
227 273721.0
228 228998.0
229 225236.0
230 246510.0
231 285309.0
232 304391.0
233 316361.0
234 288723.0
235 248834.0
236 267138.0
237 280551.0
238 304950.0
239 315570.0
240 326644.0
241 293118.0
242 255127.0
243 259906.0
244 284318.0
245 311651.0
246 320951.0
247 330614.0
248 286111.0
249 247081.0
250 261248.0
251 282799.0
252 324544.0
253 319108.0
254 329499.0
255 297355.0
256 260528.0
257 311343.0
258 316119.0
259 349188.0
260 359316.0
261 360399.0
262 355522.0
263 289485.0
264 290015.0
265 319369.0
266 380769.0
267 406991.0
268 410519.0
269 372131.0
270 331243.0
271 374940.0
272 388867.0
273 439606.0
274 482070.0
275 493893.0
276 456336.0
277 358826.0
278 483038.0
279 468457.0
280 521758.0
281 551370.0
282 571737.0
283 472103.0
284 439182.0
285 548359.0
286 565509.0
287 538593.0
288 619322.0
289 623170.0
290 599172.0
291 490832.0
292 509798.0
293 570743.0
294 624650.0
295 640176.0
296 660920.0
297 587010.0
298 490216.0
299 525620.0
300 602301.0
301 622256.0
302 653979.0
303 674019.0
304 592556.0
305 498066.0
306 534002.0
307 590779.0
308 617070.0
309 589254.0
310 695308.0
311 607542.0
312 495590.0
313 506549.0
314 614872.0
315 640220.0
316 690562.0
317 696292.0
318 642292.0
319 543873.0
320 534823.0
321 630563.0
322 665322.0
323 672114.0
324 705695.0
325 648649.0
326 538716.0
327 551096.0
328 648533.0
329 717515.0
330 738543.0
331 721329.0
332 635405.0
333 547176.0
334 546184.0
335 651340.0
336 682041.0
337 693330.0
338 493158.0
339 532595.0
340 413172.0
341 499168.0
342 671847.0
343 725281.0
344 839716.0
345 563666.0
346 604352.0
347 520308.0
348 557421.0
349 740862.0
350 790886.0
351 869932.0
352 835399.0
353 756252.0
354 601528.0
355 614428.0
356 692517.0
357 743258.0
358 759048.0
359 783837.0
360 656860.0
361 527599.0
362 517241.0
363 592777.0
364 687197.0
365 668743.0
366 663473.0
367 576710.0
368 461961.0
369 481542.0
370 561268.0
371 600951.0
372 615088.0
373 588957.0
374 514824.0
375 396563.0
376 442948.0
377 465407.0
378 525214.0
379 471736.0
380 536474.0
381 435181.0
382 351524.0
383 339907.0
384 407268.0
385 440447.0
386 443753.0
387 429577.0
388 380474.0
389 308632.0
390 280812.0
391 359785.0
392 386375.0
393 410796.0
394 409658.0
395 375205.0
396 319559.0
397 295568.0
398 392738.0
399 444930.0
400 452963.0
401 441940.0
402 396735.0
403 307782.0
404 305498.0
405 387610.0
406 441845.0
407 458408.0
408 449095.0
409 414027.0
410 374443.0
411 305469.0
412 414044.0
413 458866.0
414 489680.0
415 489248.0
416 455596.0
417 365075.0
418 354083.0
419 467034.0
420 545716.0
421 547928.0
422 562539.0
423 498447.0
424 440469.0
425 423405.0
426 505839.0
427 631699.0
428 652192.0
429 640042.0
430 584533.0
431 492654.0
432 459275.0
433 562205.0
434 673896.0
435 709818.0
436 644784.0
437 540350.0
438 559922.0
439 496989.0
440 607493.0
441 663139.0
442 836056.0
443 752178.0
444 670644.0
445 709612.0
446 613846.0
447 763823.0
448 811313.0
449 821230.0
450 859850.0
451 794040.0
452 700110.0
453 690932.0
454 839596.0
455 889242.0
456 899401.0
457 907667.0
458 824230.0
459 728486.0
460 689050.0
461 839121.0
462 898791.0
463 894035.0
464 891369.0
465 794910.0
466 687271.0
467 690457.0
468 784956.0
469 842001.0
470 872845.0
471 834826.0
472 788298.0
473 649409.0
474 625644.0
475 725816.0
476 767487.0
477 734699.0
478 709565.0
479 631612.0
480 546621.0
481 543542.0
482 622002.0
483 672045.0
484 631152.0
485 626474.0
486 572361.0
487 481621.0
488 451077.0
489 533406.0
490 568428.0
491 546897.0
492 505511.0
493 480420.0
494 389947.0
495 387055.0
496 460004.0
497 487628.0
498 480499.0
499 424891.0
500 396651.0
501 322980.0
502 321764.0
503 370111.0
504 418288.0
505 453500.0
506 422029.0
507 368374.0
508 302799.0
509 309291.0
510 374756.0
511 389167.0
512 395994.0
513 403503.0
514 347295.0
515 304762.0
516 296648.0
517 410211.0
518 396612.0
519 409235.0
520 417643.0
521 362866.0
522 311210.0
523 332994.0
524 381190.0
525 399452.0
526 435489.0
527 442272.0
528 373758.0
529 327661.0
530 377871.0
531 450444.0
532 465167.0
533 481769.0
534 513094.0
535 420940.0
536 369732.0
537 434027.0
538 525532.0
539 537750.0
540 576208.0
541 595655.0
542 488635.0
543 419778.0
544 489232.0
545 532176.0
546 555801.0
547 564923.0
548 727908.0
549 491105.0
550 445466.0
551 540464.0
552 606228.0
553 649930.0
554 642743.0
555 732240.0
556 517217.0
557 482992.0
558 571011.0
559 634220.0
560 680383.0
561 685525.0
562 819426.0
563 561207.0
564 467685.0
565 619016.0
566 645720.0
567 730649.0
568 705676.0
569 801753.0
570 552847.0
571 466636.0
572 664273.0
573 682649.0
574 735589.0
575 711674.0
576 785172.0
577 559004.0
578 448045.0
579 684036.0
580 676716.0
581 737362.0
582 736393.0
583 751075.0
584 557111.0
585 446793.0
586 671814.0
587 620611.0
588 719038.0
589 678428.0
590 723517.0
591 496653.0
592 446926.0
593 477740.0
594 656438.0
595 637655.0
596 640114.0
597 658672.0
598 468478.0
599 371365.0
600 577865.0
601 549803.0
602 567987.0
603 587332.0
604 623187.0
605 398950.0
606 363378.0
607 530163.0
608 488661.0
609 534946.0
610 547602.0
611 549211.0
612 374088.0
613 355792.0
614 482748.0
615 450944.0
616 490948.0
617 489869.0
618 521965.0
619 350615.0
620 309028.0
621 447049.0
622 422824.0
623 507015.0
624 461807.0
625 475391.0
626 340184.0
627 316415.0
628 387951.0
629 438166.0
630 456365.0
631 454430.0
632 457931.0
633 341305.0
634 313247.0
635 427739.0
636 431514.0
637 476241.0
638 461991.0
639 492750.0
640 370199.0
641 309154.0
642 452343.0
643 426394.0
644 513936.0
645 482957.0
646 494003.0
647 374532.0
648 348761.0
649 457573.0
650 404354.0
651 524721.0
652 517374.0
653 524187.0
654 405633.0
655 340607.0
656 524943.0
657 469320.0
658 573440.0
659 521166.0
660 599593.0
661 395537.0
662 348081.0
663 601462.0
664 506685.0
665 615042.0
666 621480.0
667 614508.0
668 437844.0
669 379547.0
670 704496.0
671 574961.0
672 657552.0
673 597038.0
674 613395.0
675 418596.0
676 389621.0
677 742158.0
678 600258.0
679 702161.0
680 707015.0
681 730578.0
682 471967.0
683 419534.0
684 703584.0
685 639115.0
686 711102.0
687 698188.0
688 693321.0
689 466820.0
690 426353.0
691 693725.0
692 636624.0
693 740000.0
694 744025.0
695 767327.0
696 529734.0
697 484732.0
698 809877.0
699 758476.0
700 914250.0
701 1011732.0
702 855764.0
703 681591.0
704 575084.0
705 1341542.0
706 1336247.0
707 1704055.0
708 1949187.0
709 1702228.0
710 1202429.0
711 917938.0
712 2337718.0
713 2612838.0
714 2583319.0
715 2668426.0
716 2952754.0
717 2135798.0
718 2004513.0
719 3251130.0
720 3029852.0
721 3446106.0
722 3186684.0
723 3316021.0
724 2427385.0
725 2170851.0
726 2777511.0
727 3764326.0
728 4082891.0
729 3733925.0
730 3809765.0
731 2649475.0
732 2382938.0
733 3632614.0
734 3653470.0
735 3761162.0
736 3699242.0
737 3678480.0
738 2563093.0
739 2176564.0
740 3040152.0
741 3129343.0
742 3184132.0
743 3193519.0
744 2955108.0
745 2103215.0
746 1762501.0
747 2973775.0
748 2599344.0
749 2432530.0
750 2813885.0
751 2424437.0
752 1724731.0
753 1405598.0
754 2042657.0
755 1876055.0
756 2242041.0
757 2062540.0
758 1983098.0
759 1477081.0
760 1193531.0
761 1705274.0
762 1673245.0
763 1916884.0
764 1787724.0
765 1654018.0
766 1273989.0
767 1052167.0
768 1608697.0
769 1598115.0
770 1658592.0
771 1774897.0
772 1762112.0
773 1290330.0
774 1109744.0
775 1741157.0
776 1583603.0
777 1988673.0
778 1871011.0
779 1872251.0
780 1560707.0
781 1137645.0
782 1997566.0
783 1808574.0
784 2236259.0
785 2077561.0
786 1891212.0
787 1479378.0
788 960828.0
789 1879564.0
790 1976426.0
791 1803505.0
792 1780977.0
793 1759204.0
794 1124409.0
795 850761.0
796 1844010.0
797 1751197.0
798 1595865.0
799 1563023.0
800 1418782.0
801 872661.0
802 693145.0
803 1233166.0
804 1365021.0
805 1219760.0
806 1278151.0
807 1174211.0
808 742254.0
809 561614.0
810 986320.0
811 1119305.0
812 1073486.0
813 965247.0
814 667031.0
815 554458.0
816 407761.0
817 457262.0
818 1018280.0
819 961524.0
820 921575.0
821 831416.0
822 478775.0
823 365353.0
824 636921.0
825 778778.0
826 683940.0
827 759240.0
828 644381.0
829 353740.0
830 309421.0
831 447397.0
832 672455.0
833 627235.0
834 599634.0
835 630663.0
836 339334.0
837 278851.0
838 690428.0
839 641261.0
840 694498.0
841 652644.0
842 572960.0
843 438725.0
844 373650.0
845 591113.0
846 608657.0
847 760354.0
848 597625.0
849 625906.0
850 367163.0
851 327871.0
852 522801.0
853 594591.0
854 643705.0
855 507247.0
856 569484.0
857 329026.0
858 276696.0
859 344350.0
860 625345.0
861 698283.0
862 530613.0
863 543554.0
864 253081.0
865 262985.0
866 434907.0
867 611662.0
868 706409.0
869 565041.0
870 556373.0
871 283887.0
872 198248.0
873 527818.0
874 857053.0
875 721837.0
876 582843.0
877 533013.0
878 228589.0
879 268499.0
880 754545.0
881 816063.0
882 805406.0
883 783631.0
884 777332.0
885 316924.0
886 286762.0
887 872382.0
888 941954.0
889 931470.0
890 1078182.0
891 949862.0
892 359437.0
893 358485.0
894 852090.0
895 1204294.0
896 1225322.0
897 1053123.0
898 1005065.0
899 503840.0
900 422868.0
901 1053278.0
902 1223020.0
903 1426124.0
904 1002365.0
905 1001203.0
906 553001.0
907 459440.0
908 1198042.0
909 1545552.0
910 1602562.0
911 1154067.0
912 1094564.0
913 636819.0
914 551089.0
915 973695.0
916 1198293.0
917 1426303.0
918 1116133.0
919 1374950.0
920 576251.0
921 544756.0
922 873216.0
923 1190576.0
924 1155205.0
925 1061114.0
926 901008.0
927 1024226.0
928 497923.0
929 816235.0
930 1040235.0
931 1026868.0
932 1005473.0
933 752774.0
934 636563.0
935 460752.0
936 855283.0
937 1083307.0
938 990366.0
939 944757.0
940 801465.0
941 574422.0
942 484530.0
943 710957.0
944 889614.0
945 884497.0
946 865003.0
947 702194.0
948 452674.0
949 406245.0
950 577139.0
951 747894.0
952 753061.0
953 679768.0
954 657481.0
955 376680.0
956 370389.0
957 457787.0
958 673843.0
959 616157.0
960 583957.0
961 525628.0
962 313230.0
963 314292.0
964 485112.0
965 548473.0
966 710851.0
967 611297.0
968 455609.0
969 295096.0
970 254576.0
971 416850.0
972 553742.0
973 518071.0
974 619640.0
975 517742.0
976 265164.0
977 222922.0
978 422704.0
979 599539.0
980 549746.0
981 644134.0
982 472524.0
983 241053.0
984 200816.0
985 319864.0
986 600188.0
987 582624.0
988 640597.0
989 574597.0
990 219016.0
991 218950.0
992 453633.0
993 690368.0
994 550092.0
995 662893.0
996 477490.0
997 218086.0
998 192170.0
999 476490.0
1000 629331.0
1001 527810.0
1002 595411.0
1003 430592.0
1004 182342.0
1005 160801.0
1006 386605.0
1007 594950.0
1008 466817.0
1009 477755.0
1010 363581.0
1011 199109.0
1012 167313.0
1013 300421.0
1014 401635.0
1015 348189.0
1016 493611.0
1017 444136.0
1018 201320.0
1019 186643.0
1020 306066.0
1021 450818.0
1022 433928.0
1023 460424.0
1024 488371.0
1025 242505.0
1026 183508.0
1027 347834.0
1028 503744.0
1029 486201.0
1030 479910.0
1031 630446.0
1032 247352.0
1033 222427.0
1034 341572.0
1035 574217.0
1036 590934.0
1037 420381.0
1038 697948.0
1039 270620.0
1040 263449.0
1041 405798.0
1042 730681.0
1043 535625.0
1044 706232.0
1045 761627.0
1046 299901.0
1047 257140.0
1048 505478.0
1049 624762.0
1050 635251.0
1051 809090.0
1052 669974.0
1053 274670.0
1054 299226.0
1055 572743.0
1056 778062.0
1057 694376.0
1058 750318.0
1059 731324.0
1060 300468.0
1061 283712.0
1062 586391.0
1063 708860.0
1064 720295.0
1065 757953.0
1066 640624.0
1067 344367.0
1068 251580.0
1069 452289.0
1070 654140.0
1071 637125.0
1072 671277.0
1073 582099.0
1074 264059.0
1075 314592.0
1076 419712.0
1077 462275.0
1078 571479.0
1079 734766.0
1080 718533.0
1081 357052.0
1082 327450.0
1083 349250.0
1084 394944.0
1085 506579.0
1086 477136.0
1087 435501.0
1088 221360.0
1089 196884.0
1090 214619.0
1091 352122.0
1092 377630.0
1093 324523.0
1094 341642.0
1095 153413.0
1096 114423.0
1097 171038.0
1098 271801.0
1099 295678.0
1100 281737.0
1101 237853.0
1102 133213.0
1103 123745.0
1104 160287.0
1105 230397.0
1106 297446.0
1107 258769.0
1108 238048.0
1109 102647.0
1110 89030.0
1111 145996.0
1112 197473.0
1113 229775.0
1114 258658.0
1115 142949.0
1116 132042.0
1117 76746.0
1118 136189.0
1119 192078.0
1120 237939.0
1121 207307.0
